#generate.py
# GMT Mon Apr 27 20:55:18 2020
# 
24 30 11 15 2 22 29
30 41 4 17 49 19
6 9 36 26 10 44 0
9 16 36 19 10 29
46 42 25 26 18 11 5
42 12 8 13 44 14
36 17 18 31 38
17 7 41 45 4
7 28 2 39 18 45
16 25 35 20 10 33
5 44 10 33 39 35
44 34 41 1
25 1 49 32 4
41 23 32 38
23 29 40 15 20 27
43 20 1 47 22 28 32
20 26 11 22
1 45 3 35
26 2 3 31
45 22 33 47
22 0 8
34 3 37 0 28 40
31 8 27 0 13
8 29 2 28
29 14 28
10 35 14
47 38 40 37 14
38 35 39 0
32 21 37 11
28 12
12 39 18 48 33
35 4
2 21 15
49 14 33 40 11
18 3 27
0 21
27 39 48 13
39 3
40 37 15
4 21 37
19 13 15
13 14 21
11 37
37
14
3 48
21 48
33 48
48 15
15
